0D01
05DC
0DD1
FFFA
D9D1
0000
DAD1
0001
DBD1
0002
D3D1
0003
D2D1
0004
DFD1
0005
0801
FFFF
0901
0001
0A00
0B00
0301
0001
0401
0001
6933
0200
0221
0001
0F01
000A
912F
001C
0200
0501
0002
6A50
0501
007F
6930
8195
0032
0501
0001
6930
9195
0039
7100
003E
0901
0080
6933
0881
0001
7100
002B
0901
0001
6933
0881
0001
0501
0002
6A50
264A
2784
0767
7107
005A
0501
0002
6A50
0501
0002
264A
2784
0767
7157
005A
0501
0002
6A50
0501
0001
264A
2784
0767
7157
0062
6930
0501
0001
4995
6933
0B00
7100
001C
6930
0501
0001
5995
6933
0B00
7100
001C
0000
